8.523745037537370020e-04 -5.692739278378995248e-04 5.417956089182502126e-04 7.293598780557330021e-04 0.000000000000000000e+00 5.100829787053395847e-03
-6.380695783837359849e-04 -1.403611951442279918e-03 1.610399952124276978e-03 -1.889929021641372549e-03 0.000000000000000000e+00 5.102944436075729229e-03
-1.047850082877014623e-03 3.949889974593120257e-05 -8.023979974618640227e-04 -9.665914751866356344e-04 0.000000000000000000e+00 5.113120194015663422e-03
1.097380947755002313e-03 5.572266931419623051e-04 2.530494419241569189e-04 6.629392437725589726e-04 0.000000000000000000e+00 5.101097147338862214e-03
3.941744703117427951e-04 1.008706205954237444e-03 4.000141426032466710e-04 -1.214277862068298517e-04 0.000000000000000000e+00 5.092497564809006505e-03
-1.864141195224688127e-03 1.368031752362742440e-03 1.389605139014119580e-03 -6.635604275662866256e-04 0.000000000000000000e+00 5.095389036869235611e-03
-4.961420076142640040e-05 -5.698357033196580282e-04 8.120008333866219783e-04 -1.263833868536088116e-03 0.000000000000000000e+00 5.088524092689672429e-03
1.634912832710591754e-03 5.737212419705115711e-04 4.803929638921452497e-04 -8.694315716836815790e-06 0.000000000000000000e+00 5.093444862923623973e-03
5.951953839264806367e-04 -1.549800635765408467e-03 -8.270561416295462570e-04 -7.770385936299431312e-04 0.000000000000000000e+00 5.100774020980969325e-03
-1.984506665383166185e-04 -7.334612353438535936e-04 3.480579686141521342e-04 -3.716443108074550966e-06 0.000000000000000000e+00 5.106927666045146808e-03
